t,X0,Y0,Z0,X'0,Y'0,Z'0
0.010000,1.000000,-0.000490,0.000000,-0.000048,-0.098100,0.000000
0.020000,0.999998,-0.001962,0.000000,-0.000385,-0.196200,0.000000
0.030000,0.999990,-0.004414,0.000000,-0.001299,-0.294297,0.000000
0.040000,0.999969,-0.007848,0.000000,-0.003079,-0.392385,0.000000
0.050000,0.999925,-0.012262,0.000000,-0.006014,-0.490456,0.000000
0.060000,0.999844,-0.017657,0.000000,-0.010393,-0.588490,0.000000
0.070000,0.999711,-0.024032,0.000000,-0.016502,-0.686462,0.000000
0.080000,0.999507,-0.031386,0.000000,-0.024629,-0.784336,0.000000
0.090000,0.999211,-0.039718,0.000000,-0.035061,-0.882064,0.000000
0.100000,0.998797,-0.049026,0.000000,-0.048083,-0.979585,0.000000
0.110000,0.998240,-0.059309,0.000000,-0.063977,-1.076821,0.000000
0.120000,0.997507,-0.070562,0.000000,-0.083024,-1.173680,0.000000
0.130000,0.996568,-0.082781,0.000000,-0.105498,-1.270050,0.000000
0.140000,0.995385,-0.095961,0.000000,-0.131670,-1.365799,0.000000
0.150000,0.993921,-0.110094,0.000000,-0.161806,-1.460775,0.000000
0.160000,0.992135,-0.125173,0.000000,-0.196162,-1.554803,0.000000
0.170000,0.989983,-0.141186,0.000000,-0.234984,-1.647683,0.000000
0.180000,0.987420,-0.158122,0.000000,-0.278508,-1.739191,0.000000
0.190000,0.984396,-0.175965,0.000000,-0.326955,-1.829079,0.000000
0.200000,0.980863,-0.194697,0.000000,-0.380530,-1.917070,0.000000
0.210000,0.976768,-0.214299,0.000000,-0.439419,-2.002861,0.000000
0.220000,0.972057,-0.234746,0.000000,-0.503787,-2.086124,0.000000
0.230000,0.966674,-0.256012,0.000000,-0.573772,-2.166503,0.000000
0.240000,0.960562,-0.278065,0.000000,-0.649485,-2.243615,0.000000
0.250000,0.953665,-0.300872,0.000000,-0.731007,-2.317052,0.000000
0.260000,0.945923,-0.324393,0.000000,-0.818382,-2.386385,0.000000
0.270000,0.937277,-0.348584,0.000000,-0.911614,-2.451159,0.000000
0.280000,0.927671,-0.373399,0.000000,-1.010670,-2.510903,0.000000
0.290000,0.917045,-0.398784,0.000000,-1.115465,-2.565127,0.000000
0.300000,0.905343,-0.424681,0.000000,-1.225870,-2.613330,0.000000
0.310000,0.892509,-0.451029,0.000000,-1.341701,-2.654999,0.000000
0.320000,0.878492,-0.477758,0.000000,-1.462721,-2.689621,0.000000
0.330000,0.863239,-0.504796,0.000000,-1.588632,-2.716679,0.000000
0.340000,0.846704,-0.532065,0.000000,-1.719080,-2.735667,0.000000
0.350000,0.828843,-0.559481,0.000000,-1.853648,-2.746088,0.000000
0.360000,0.809619,-0.586956,0.000000,-1.991857,-2.747469,0.000000
0.370000,0.788996,-0.614398,0.000000,-2.133166,-2.739361,0.000000
0.380000,0.766947,-0.641710,0.000000,-2.276975,-2.721350,0.000000
0.390000,0.743450,-0.668791,0.000000,-2.422620,-2.693064,0.000000
0.400000,0.718491,-0.695536,0.000000,-2.569386,-2.654182,0.000000
0.410000,0.692061,-0.721839,0.000000,-2.716500,-2.604439,0.000000
0.420000,0.664162,-0.747588,0.000000,-2.863145,-2.543636,0.000000
0.430000,0.634803,-0.772674,0.000000,-3.008459,-2.471648,0.000000
0.440000,0.604001,-0.796984,0.000000,-3.151547,-2.388425,0.000000
0.450000,0.571782,-0.820405,0.000000,-3.291487,-2.294006,0.000000
0.460000,0.538185,-0.842827,0.000000,-3.427340,-2.188517,0.000000
0.470000,0.503252,-0.864139,0.000000,-3.558158,-2.072179,0.000000
0.480000,0.467041,-0.884235,0.000000,-3.682997,-1.945310,0.000000
0.490000,0.429616,-0.903012,0.000000,-3.800929,-1.808324,0.000000
0.500000,0.391049,-0.920370,0.000000,-3.911048,-1.661735,0.000000
0.510000,0.351424,-0.936217,0.000000,-4.012490,-1.506151,0.000000
0.520000,0.310831,-0.950465,0.000000,-4.104440,-1.342275,0.000000
0.530000,0.269369,-0.963037,0.000000,-4.186143,-1.170896,0.000000
0.540000,0.227144,-0.973861,0.000000,-4.256916,-0.992887,0.000000
0.550000,0.184269,-0.982876,0.000000,-4.316160,-0.809191,0.000000
0.560000,0.140861,-0.990029,0.000000,-4.363366,-0.620819,0.000000
0.570000,0.097043,-0.995280,0.000000,-4.398125,-0.428832,0.000000
0.580000,0.052941,-0.998598,0.000000,-4.420133,-0.234336,0.000000
0.590000,0.008684,-0.999962,0.000000,-4.429196,-0.038464,0.000000
0.600000,-0.035599,-0.999366,0.000000,-4.425236,0.157635,0.000000
0.610000,-0.079778,-0.996813,0.000000,-4.408287,0.352807,0.000000
0.620000,-0.123722,-0.992317,0.000000,-4.378497,0.545911,0.000000
0.630000,-0.167306,-0.985905,0.000000,-4.336129,0.735830,0.000000
0.640000,-0.210404,-0.977615,0.000000,-4.281549,0.921483,0.000000
0.650000,-0.252898,-0.967493,0.000000,-4.215230,1.101838,0.000000
0.660000,-0.294671,-0.955599,0.000000,-4.137736,1.275925,0.000000
0.670000,-0.335617,-0.941998,0.000000,-4.049718,1.442841,0.000000
0.680000,-0.375633,-0.926768,0.000000,-3.951904,1.601765,0.000000
0.690000,-0.414625,-0.909992,0.000000,-3.845086,1.751959,0.000000
0.700000,-0.452508,-0.891761,0.000000,-3.730112,1.892777,0.000000
0.710000,-0.489203,-0.872170,0.000000,-3.607872,2.023668,0.000000
0.720000,-0.524644,-0.851322,0.000000,-3.479286,2.144178,0.000000
0.730000,-0.558771,-0.829322,0.000000,-3.345294,2.253953,0.000000
0.740000,-0.591535,-0.806279,0.000000,-3.206844,2.352732,0.000000
0.750000,-0.622896,-0.782305,0.000000,-3.064879,2.440354,0.000000
0.760000,-0.652824,-0.757510,0.000000,-2.920329,2.516747,0.000000
0.770000,-0.681297,-0.732007,0.000000,-2.774102,2.581924,0.000000
0.780000,-0.708303,-0.705908,0.000000,-2.627072,2.635984,0.000000
0.790000,-0.733839,-0.679324,0.000000,-2.480075,2.679096,0.000000
0.800000,-0.757908,-0.652362,0.000000,-2.333902,2.711502,0.000000
0.810000,-0.780522,-0.625129,0.000000,-2.189291,2.733500,0.000000
0.820000,-0.801701,-0.597726,0.000000,-2.046927,2.745444,0.000000
0.830000,-0.821470,-0.570252,0.000000,-1.907434,2.747732,0.000000
0.840000,-0.839861,-0.542802,0.000000,-1.771378,2.740800,0.000000
0.850000,-0.856911,-0.515465,0.000000,-1.639262,2.725113,0.000000
0.860000,-0.872661,-0.488327,0.000000,-1.511526,2.701159,0.000000
0.870000,-0.887157,-0.461468,0.000000,-1.388550,2.669442,0.000000
0.880000,-0.900449,-0.434962,0.000000,-1.270653,2.630474,0.000000
0.890000,-0.912588,-0.408881,0.000000,-1.158096,2.584772,0.000000
0.900000,-0.923629,-0.383288,0.000000,-1.051082,2.532849,0.000000
0.910000,-0.933629,-0.358243,0.000000,-0.949764,2.475210,0.000000
0.920000,-0.942644,-0.333801,0.000000,-0.854241,2.412351,0.000000
0.930000,-0.950733,-0.310012,0.000000,-0.764568,2.344751,0.000000
0.940000,-0.957955,-0.286920,0.000000,-0.680755,2.272870,0.000000
0.950000,-0.964367,-0.264567,0.000000,-0.602772,2.197149,0.000000
0.960000,-0.970029,-0.242989,0.000000,-0.530552,2.118004,0.000000
0.970000,-0.974997,-0.222217,0.000000,-0.463997,2.035828,0.000000
0.980000,-0.979328,-0.202281,0.000000,-0.402978,1.950987,0.000000
0.990000,-0.983075,-0.183205,0.000000,-0.347341,1.863821,0.000000
1.000000,-0.986292,-0.165011,0.000000,-0.296906,1.774643,0.000000
1.010000,-0.989030,-0.147718,0.000000,-0.251478,1.683739,0.000000
1.020000,-0.991337,-0.131341,0.000000,-0.210839,1.591369,0.000000
1.030000,-0.993262,-0.115895,0.000000,-0.174761,1.497766,0.000000
1.040000,-0.994847,-0.101389,0.000000,-0.143001,1.403140,0.000000
1.050000,-0.996135,-0.087835,0.000000,-0.115305,1.307674,0.000000
1.060000,-0.997166,-0.075238,0.000000,-0.091413,1.211531,0.000000
1.070000,-0.997975,-0.063606,0.000000,-0.071055,1.114849,0.000000
1.080000,-0.998598,-0.052943,0.000000,-0.053958,1.017749,0.000000
1.090000,-0.999064,-0.043252,0.000000,-0.039844,0.920330,0.000000
1.100000,-0.999404,-0.034537,0.000000,-0.028430,0.822675,0.000000
1.110000,-0.999641,-0.026799,0.000000,-0.019433,0.724852,0.000000
1.120000,-0.999799,-0.020040,0.000000,-0.012566,0.626913,0.000000
1.130000,-0.999899,-0.014261,0.000000,-0.007544,0.528900,0.000000
1.140000,-0.999956,-0.009462,0.000000,-0.004077,0.430841,0.000000
1.150000,-0.999984,-0.005644,0.000000,-0.001879,0.332758,0.000000
1.160000,-0.999996,-0.002807,0.000000,-0.000659,0.234663,0.000000
1.170000,-1.000000,-0.000951,0.000000,-0.000130,0.136564,0.000000
1.180000,-1.000000,-0.000076,0.000000,-0.000003,0.038464,0.000000
1.190000,-1.000000,-0.000182,0.000000,0.000010,-0.059636,0.000000
1.200000,-1.000000,-0.001269,0.000000,0.000200,-0.157736,0.000000
1.210000,-0.999995,-0.003336,0.000000,0.000853,-0.255834,0.000000
1.220000,-0.999980,-0.006385,0.000000,0.002259,-0.353927,0.000000
1.230000,-0.999946,-0.010415,0.000000,0.004707,-0.452006,0.000000
1.240000,-0.999881,-0.015425,0.000000,0.008485,-0.550057,0.000000
1.250000,-0.999771,-0.021416,0.000000,0.013881,-0.648057,0.000000
1.260000,-0.999597,-0.028386,0.000000,0.021183,-0.745975,0.000000
1.270000,-0.999340,-0.036335,0.000000,0.030678,-0.843767,0.000000
1.280000,-0.998976,-0.045261,0.000000,0.042651,-0.941377,0.000000
1.290000,-0.998478,-0.055162,0.000000,0.057385,-1.038735,0.000000
1.300000,-0.997818,-0.066034,0.000000,0.075162,-1.135754,0.000000
1.310000,-0.996963,-0.077875,0.000000,0.096260,-1.232330,0.000000
1.320000,-0.995881,-0.090679,0.000000,0.120950,-1.328340,0.000000
1.330000,-0.994532,-0.104440,0.000000,0.149501,-1.423639,0.000000
1.340000,-0.992877,-0.119149,0.000000,0.182173,-1.518061,0.000000
1.350000,-0.990874,-0.134797,0.000000,0.219215,-1.611416,0.000000
1.360000,-0.988477,-0.151373,0.000000,0.260868,-1.703490,0.000000
1.370000,-0.985640,-0.168862,0.000000,0.307359,-1.794045,0.000000
1.380000,-0.982313,-0.187248,0.000000,0.358900,-1.882814,0.000000
1.390000,-0.978445,-0.206511,0.000000,0.415685,-1.969505,0.000000
1.400000,-0.973981,-0.226630,0.000000,0.477887,-2.053801,0.000000
1.410000,-0.968868,-0.247578,0.000000,0.545654,-2.135355,0.000000
1.420000,-0.963049,-0.269327,0.000000,0.619110,-2.213794,0.000000
1.430000,-0.956467,-0.291843,0.000000,0.698347,-2.288723,0.000000
1.440000,-0.949063,-0.315088,0.000000,0.783424,-2.359718,0.000000
1.450000,-0.940779,-0.339022,0.000000,0.874362,-2.426335,0.000000
1.460000,-0.931556,-0.363599,0.000000,0.971141,-2.488108,0.000000
1.470000,-0.921337,-0.388767,0.000000,1.073699,-2.544556,0.000000
1.480000,-0.910063,-0.414470,0.000000,1.181923,-2.595180,0.000000
1.490000,-0.897680,-0.440649,0.000000,1.295652,-2.639472,0.000000
1.500000,-0.884133,-0.467237,0.000000,1.414669,-2.676919,0.000000
1.510000,-0.869370,-0.494163,0.000000,1.538701,-2.707003,0.000000
1.520000,-0.853343,-0.521351,0.000000,1.667417,-2.729215,0.000000
1.530000,-0.836007,-0.548719,0.000000,1.800423,-2.743054,0.000000
1.540000,-0.817322,-0.576182,0.000000,1.937265,-2.748034,0.000000
1.550000,-0.797251,-0.603649,0.000000,2.077427,-2.743698,0.000000
1.560000,-0.775764,-0.631024,0.000000,2.220331,-2.729617,0.000000
1.570000,-0.752837,-0.658208,0.000000,2.365339,-2.705401,0.000000
1.580000,-0.728453,-0.685097,0.000000,2.511754,-2.670708,0.000000
1.590000,-0.702600,-0.711586,0.000000,2.658827,-2.625251,0.000000
1.600000,-0.675276,-0.737565,0.000000,2.805756,-2.568804,0.000000
1.610000,-0.646488,-0.762925,0.000000,2.951696,-2.501212,0.000000
1.620000,-0.616249,-0.787552,0.000000,3.095766,-2.422395,0.000000
1.630000,-0.584582,-0.811335,0.000000,3.237052,-2.332356,0.000000
1.640000,-0.551520,-0.834162,0.000000,3.374620,-2.231186,0.000000
1.650000,-0.517105,-0.855922,0.000000,3.507525,-2.119070,0.000000
1.660000,-0.481388,-0.876508,0.000000,3.634820,-1.996286,0.000000
1.670000,-0.444431,-0.895814,0.000000,3.755569,-1.863211,0.000000
1.680000,-0.406302,-0.913740,0.000000,3.868857,-1.720320,0.000000
1.690000,-0.367081,-0.930189,0.000000,3.973802,-1.568184,0.000000
1.700000,-0.326856,-0.945075,0.000000,4.069567,-1.407471,0.000000
1.710000,-0.285723,-0.958313,0.000000,4.155373,-1.238934,0.000000
1.720000,-0.243785,-0.969830,0.000000,4.230508,-1.063416,0.000000
1.730000,-0.201151,-0.979561,0.000000,4.294338,-0.881833,0.000000
1.740000,-0.157937,-0.987450,0.000000,4.346319,-0.695171,0.000000
1.750000,-0.114265,-0.993451,0.000000,4.386000,-0.504472,0.000000
1.760000,-0.070259,-0.997529,0.000000,4.413037,-0.310826,0.000000
1.770000,-0.026047,-0.999661,0.000000,4.427192,-0.115357,0.000000
1.780000,0.018241,-0.999834,0.000000,4.428341,0.080790,0.000000
1.790000,0.062476,-0.998047,0.000000,4.416473,0.276462,0.000000
1.800000,0.106527,-0.994310,0.000000,4.391693,0.470512,0.000000
1.810000,0.150267,-0.988646,0.000000,4.354219,0.661811,0.000000
1.820000,0.193571,-0.981087,0.000000,4.304377,0.849262,0.000000
1.830000,0.236315,-0.971677,0.000000,4.242599,1.031814,0.000000
1.840000,0.278385,-0.960470,0.000000,4.169414,1.208470,0.000000
1.850000,0.319667,-0.947530,0.000000,4.085440,1.378300,0.000000
1.860000,0.360060,-0.932930,0.000000,3.991376,1.540450,0.000000
1.870000,0.399464,-0.916750,0.000000,3.887990,1.694149,0.000000
1.880000,0.437791,-0.899077,0.000000,3.776110,1.838714,0.000000
1.890000,0.474961,-0.880008,0.000000,3.656611,1.973557,0.000000
1.900000,0.510901,-0.859640,0.000000,3.530402,2.098185,0.000000
1.910000,0.545550,-0.838079,0.000000,3.398418,2.212206,0.000000
1.920000,0.578853,-0.815433,0.000000,3.261603,2.315321,0.000000
1.930000,0.610769,-0.791810,0.000000,3.120904,2.407332,0.000000
1.940000,0.641262,-0.767323,0.000000,2.977259,2.488130,0.000000
1.950000,0.670307,-0.742085,0.000000,2.831583,2.557698,0.000000
1.960000,0.697889,-0.716207,0.000000,2.684766,2.616100,0.000000
1.970000,0.724001,-0.689800,0.000000,2.537659,2.663480,0.000000
1.980000,0.748644,-0.662973,0.000000,2.391072,2.700052,0.000000
1.990000,0.771827,-0.635834,0.000000,2.245764,2.726091,0.000000
2.000000,0.793566,-0.608485,0.000000,2.102442,2.741932,0.000000
2.010000,0.813885,-0.581028,0.000000,1.961752,2.747957,0.000000
2.020000,0.832812,-0.553557,0.000000,1.824286,2.744586,0.000000
2.030000,0.850383,-0.526166,0.000000,1.690569,2.732275,0.000000
2.040000,0.866637,-0.498940,0.000000,1.561067,2.711503,0.000000
2.050000,0.881620,-0.471962,0.000000,1.436183,2.682769,0.000000
2.060000,0.895378,-0.445310,0.000000,1.316260,2.646583,0.000000
2.070000,0.907962,-0.419054,0.000000,1.201582,2.603461,0.000000
2.080000,0.919428,-0.393262,0.000000,1.092374,2.553916,0.000000
2.090000,0.929829,-0.367995,0.000000,0.988808,2.498459,0.000000
2.100000,0.939223,-0.343311,0.000000,0.891004,2.437588,0.000000
2.110000,0.947668,-0.319260,0.000000,0.799034,2.371791,0.000000
2.120000,0.955223,-0.295890,0.000000,0.712924,2.301535,0.000000
2.130000,0.961946,-0.273243,0.000000,0.632661,2.227269,0.000000
2.140000,0.967896,-0.251356,0.000000,0.558191,2.149419,0.000000
2.150000,0.973129,-0.230265,0.000000,0.489429,2.068387,0.000000
2.160000,0.977703,-0.209998,0.000000,0.426256,1.984549,0.000000
2.170000,0.981672,-0.190582,0.000000,0.368529,1.898255,0.000000
2.180000,0.985091,-0.172040,0.000000,0.316076,1.809831,0.000000
2.190000,0.988011,-0.154391,0.000000,0.268710,1.719571,0.000000
2.200000,0.990481,-0.137654,0.000000,0.226220,1.627746,0.000000
2.210000,0.992551,-0.121841,0.000000,0.188382,1.534601,0.000000
2.220000,0.994264,-0.106965,0.000000,0.154958,1.440353,0.000000
2.230000,0.995664,-0.093037,0.000000,0.125699,1.345196,0.000000
2.240000,0.996791,-0.080064,0.000000,0.100347,1.249301,0.000000
2.250000,0.997683,-0.068053,0.000000,0.078636,1.152815,0.000000
2.260000,0.998375,-0.057009,0.000000,0.060293,1.055865,0.000000
2.270000,0.998899,-0.046937,0.000000,0.045042,0.958560,0.000000
2.280000,0.999285,-0.037839,0.000000,0.032603,0.860989,0.000000
2.290000,0.999559,-0.029718,0.000000,0.022692,0.763225,0.000000
2.300000,0.999746,-0.022575,0.000000,0.015024,0.665326,0.000000
2.310000,0.999866,-0.016411,0.000000,0.009313,0.567338,0.000000
2.320000,0.999938,-0.011228,0.000000,0.005271,0.469294,0.000000
2.330000,0.999976,-0.007026,0.000000,0.002609,0.371219,0.000000
2.340000,0.999994,-0.003804,0.000000,0.001040,0.273127,0.000000
2.350000,1.000000,-0.001563,0.000000,0.000275,0.175029,0.000000
2.360000,1.000001,-0.000303,0.000000,0.000024,0.076930,0.000000
2.370000,1.000001,-0.000024,0.000000,0.000000,-0.021170,0.000000
2.380000,1.000001,-0.000727,0.000000,-0.000086,-0.119270,0.000000
2.390000,0.999998,-0.002410,0.000000,-0.000523,-0.217370,0.000000
2.400000,0.999988,-0.005074,0.000000,-0.001600,-0.315465,0.000000
2.410000,0.999963,-0.008719,0.000000,-0.003605,-0.413551,0.000000
2.420000,0.999912,-0.013345,0.000000,-0.006827,-0.511616,0.000000
2.430000,0.999822,-0.018951,0.000000,-0.011555,-0.609639,0.000000
2.440000,0.999675,-0.025538,0.000000,-0.018075,-0.707593,0.000000
2.450000,0.999453,-0.033103,0.000000,-0.026676,-0.805440,0.000000
2.460000,0.999134,-0.041646,0.000000,-0.037643,-0.903129,0.000000
2.470000,0.998692,-0.051165,0.000000,-0.051261,-1.000595,0.000000
2.480000,0.998099,-0.061657,0.000000,-0.067812,-1.097759,0.000000
2.490000,0.997325,-0.073119,0.000000,-0.087575,-1.194523,0.000000
2.500000,0.996336,-0.085545,0.000000,-0.110825,-1.290770,0.000000
2.510000,0.995096,-0.098932,0.000000,-0.137831,-1.386366,0.000000
2.520000,0.993566,-0.113270,0.000000,-0.168856,-1.481153,0.000000
2.530000,0.991704,-0.128552,0.000000,-0.204155,-1.574951,0.000000
2.540000,0.989467,-0.144765,0.000000,-0.243972,-1.667554,0.000000
2.550000,0.986809,-0.161898,0.000000,-0.288541,-1.758735,0.000000
2.560000,0.983680,-0.179934,0.000000,-0.338078,-1.848237,0.000000
2.570000,0.980030,-0.198856,0.000000,-0.392785,-1.935780,0.000000
2.580000,0.975807,-0.218642,0.000000,-0.452843,-2.021055,0.000000
2.590000,0.970955,-0.239269,0.000000,-0.518412,-2.103726,0.000000
2.600000,0.965419,-0.260707,0.000000,-0.589625,-2.183433,0.000000
2.610000,0.959143,-0.282926,0.000000,-0.666586,-2.259787,0.000000
2.620000,0.952068,-0.305890,0.000000,-0.749368,-2.332376,0.000000
2.630000,0.944136,-0.329560,0.000000,-0.838008,-2.400764,0.000000
2.640000,0.935289,-0.353890,0.000000,-0.932502,-2.464493,0.000000
2.650000,0.925467,-0.378832,0.000000,-1.032804,-2.523088,0.000000
2.660000,0.914614,-0.404333,0.000000,-1.138823,-2.576055,0.000000
2.670000,0.902672,-0.430333,0.000000,-1.250416,-2.622891,0.000000
2.680000,0.889587,-0.456769,0.000000,-1.367389,-2.663083,0.000000
2.690000,0.875307,-0.483571,0.000000,-1.489491,-2.696116,0.000000
2.700000,0.859781,-0.510665,0.000000,-1.616413,-2.721475,0.000000
2.710000,0.842964,-0.537973,0.000000,-1.747787,-2.738655,0.000000
2.720000,0.824812,-0.565410,0.000000,-1.883183,-2.747166,0.000000
2.730000,0.805288,-0.592886,0.000000,-2.022109,-2.746536,0.000000
2.740000,0.784360,-0.620308,0.000000,-2.164011,-2.736324,0.000000
2.750000,0.762000,-0.647579,0.000000,-2.308273,-2.716126,0.000000
2.760000,0.738189,-0.674596,0.000000,-2.454223,-2.685578,0.000000
2.770000,0.712913,-0.701255,0.000000,-2.601130,-2.644373,0.000000
2.780000,0.686166,-0.727447,0.000000,-2.748214,-2.592258,0.000000
2.790000,0.657951,-0.753063,0.000000,-2.894645,-2.529050,0.000000
2.800000,0.628278,-0.777991,0.000000,-3.039555,-2.454638,0.000000
2.810000,0.597168,-0.802119,0.000000,-3.182043,-2.368994,0.000000
2.820000,0.564648,-0.825334,0.000000,-3.321181,-2.272172,0.000000
2.830000,0.530758,-0.847525,0.000000,-3.456027,-2.164320,0.000000
2.840000,0.495545,-0.868584,0.000000,-3.585634,-2.045680,0.000000
2.850000,0.459066,-0.888404,0.000000,-3.709061,-1.916589,0.000000
2.860000,0.421388,-0.906882,0.000000,-3.825381,-1.777485,0.000000
2.870000,0.382585,-0.923922,0.000000,-3.933700,-1.628900,0.000000
2.880000,0.342743,-0.939431,0.000000,-4.033160,-1.471465,0.000000
2.890000,0.301954,-0.953324,0.000000,-4.122960,-1.305900,0.000000
2.900000,0.260319,-0.965525,0.000000,-4.202359,-1.133015,0.000000
2.910000,0.217944,-0.975963,0.000000,-4.270692,-0.953697,0.000000
2.920000,0.174944,-0.984580,0.000000,-4.327378,-0.768905,0.000000
2.930000,0.131437,-0.991326,0.000000,-4.371930,-0.579662,0.000000
2.940000,0.087547,-0.996162,0.000000,-4.403959,-0.387039,0.000000
2.950000,0.043400,-0.999060,0.000000,-4.423187,-0.192150,0.000000
2.960000,-0.000874,-1.000001,0.000000,-4.429443,0.003868,0.000000
2.970000,-0.045145,-0.998982,0.000000,-4.422673,0.199864,0.000000
2.980000,-0.089284,-0.996008,0.000000,-4.402937,0.394685,0.000000
2.990000,-0.133161,-0.991096,0.000000,-4.370407,0.587195,0.000000
3.000000,-0.176650,-0.984276,0.000000,-4.325369,0.776283,0.000000
3.010000,-0.219628,-0.975586,0.000000,-4.268214,0.960878,0.000000
3.020000,-0.261976,-0.965076,0.000000,-4.199433,1.139960,0.000000
3.030000,-0.303580,-0.952808,0.000000,-4.119611,1.312573,0.000000
3.040000,-0.344333,-0.938849,0.000000,-4.029415,1.477831,0.000000
3.050000,-0.384136,-0.923279,0.000000,-3.929590,1.634930,0.000000
3.060000,-0.422896,-0.906180,0.000000,-3.820939,1.783152,0.000000
3.070000,-0.460528,-0.887647,0.000000,-3.704321,1.921871,0.000000
3.080000,-0.496959,-0.867777,0.000000,-3.580633,2.050557,0.000000
3.090000,-0.532121,-0.846671,0.000000,-3.450802,2.168777,0.000000
3.100000,-0.565957,-0.824437,0.000000,-3.315768,2.276198,0.000000
3.110000,-0.598422,-0.801184,0.000000,-3.176480,2.372581,0.000000
3.120000,-0.629476,-0.777023,0.000000,-3.033880,2.457783,0.000000
3.130000,-0.659091,-0.752066,0.000000,-2.888893,2.531751,0.000000
3.140000,-0.687249,-0.726425,0.000000,-2.742420,2.594519,0.000000
3.150000,-0.713938,-0.700212,0.000000,-2.595328,2.646199,0.000000
3.160000,-0.739156,-0.673537,0.000000,-2.448444,2.686979,0.000000
3.170000,-0.762910,-0.646508,0.000000,-2.302548,2.717112,0.000000
3.180000,-0.785213,-0.619230,0.000000,-2.158366,2.736909,0.000000
3.190000,-0.806085,-0.591803,0.000000,-2.016571,2.746735,0.000000
3.200000,-0.825554,-0.564327,0.000000,-1.877775,2.746996,0.000000
3.210000,-0.843652,-0.536894,0.000000,-1.742529,2.738135,0.000000
3.220000,-0.860418,-0.509593,0.000000,-1.611323,2.720622,0.000000
3.230000,-0.875894,-0.482508,0.000000,-1.484584,2.694951,0.000000
3.240000,-0.890126,-0.455719,0.000000,-1.362679,2.661626,0.000000
3.250000,-0.903165,-0.429300,0.000000,-1.245914,2.621162,0.000000
3.260000,-0.915062,-0.403318,0.000000,-1.134538,2.574074,0.000000
3.270000,-0.925874,-0.377839,0.000000,-1.028742,2.520876,0.000000
3.280000,-0.935656,-0.352919,0.000000,-0.928668,2.462069,0.000000
3.290000,-0.944467,-0.328614,0.000000,-0.834404,2.398147,0.000000
3.300000,-0.952364,-0.304972,0.000000,-0.745996,2.329585,0.000000
3.310000,-0.959406,-0.282036,0.000000,-0.663445,2.256840,0.000000
3.320000,-0.965652,-0.259848,0.000000,-0.586712,2.180346,0.000000
3.330000,-0.971159,-0.238441,0.000000,-0.515724,2.100515,0.000000
3.340000,-0.975985,-0.217847,0.000000,-0.450375,2.017734,0.000000
3.350000,-0.980185,-0.198095,0.000000,-0.390531,1.932364,0.000000
3.360000,-0.983814,-0.179207,0.000000,-0.336031,1.844738,0.000000
3.370000,-0.986923,-0.161206,0.000000,-0.286694,1.755165,0.000000
3.380000,-0.989564,-0.144110,0.000000,-0.242318,1.663923,0.000000
3.390000,-0.991785,-0.127933,0.000000,-0.202683,1.571269,0.000000
3.400000,-0.993633,-0.112688,0.000000,-0.167557,1.477429,0.000000
3.410000,-0.995151,-0.098387,0.000000,-0.136695,1.382607,0.000000
3.420000,-0.996380,-0.085039,0.000000,-0.109842,1.286982,0.000000
3.430000,-0.997360,-0.072650,0.000000,-0.086735,1.190711,0.000000
3.440000,-0.998126,-0.061226,0.000000,-0.067104,1.093930,0.000000
3.450000,-0.998713,-0.050772,0.000000,-0.050674,0.996753,0.000000
3.460000,-0.999150,-0.041292,0.000000,-0.037166,0.899277,0.000000
3.470000,-0.999465,-0.032788,0.000000,-0.026298,0.801580,0.000000
3.480000,-0.999683,-0.025261,0.000000,-0.017784,0.703728,0.000000
3.490000,-0.999827,-0.018713,0.000000,-0.011340,0.605770,0.000000
3.500000,-0.999916,-0.013146,0.000000,-0.006677,0.507745,0.000000
3.510000,-0.999966,-0.008559,0.000000,-0.003508,0.409680,0.000000
3.520000,-0.999990,-0.004952,0.000000,-0.001545,0.311593,0.000000
3.530000,-1.000000,-0.002327,0.000000,-0.000498,0.213497,0.000000
3.540000,-1.000002,-0.000682,0.000000,-0.000080,0.115398,0.000000
3.550000,-1.000003,-0.000019,0.000000,-0.000002,0.017298,0.000000
3.560000,-1.000003,-0.000336,0.000000,0.000026,-0.080802,0.000000
3.570000,-1.000001,-0.001635,0.000000,0.000291,-0.178902,0.000000
3.580000,-0.999995,-0.003914,0.000000,0.001083,-0.277000,0.000000
3.590000,-0.999977,-0.007175,0.000000,0.002690,-0.375091,0.000000
3.600000,-0.999938,-0.011416,0.000000,0.005401,-0.473165,0.000000
3.610000,-0.999864,-0.016638,0.000000,0.009504,-0.571207,0.000000
3.620000,-0.999742,-0.022840,0.000000,0.015287,-0.669193,0.000000
3.630000,-0.999552,-0.030022,0.000000,0.023038,-0.767087,0.000000
3.640000,-0.999274,-0.038181,0.000000,0.033044,-0.864845,0.000000
3.650000,-0.998883,-0.047318,0.000000,0.045589,-0.962407,0.000000
3.660000,-0.998352,-0.057429,0.000000,0.060956,-1.059700,0.000000
3.670000,-0.997653,-0.068511,0.000000,0.079427,-1.156633,0.000000
3.680000,-0.996753,-0.080560,0.000000,0.101277,-1.253098,0.000000
3.690000,-0.995616,-0.093571,0.000000,0.126778,-1.348967,0.000000
3.700000,-0.994204,-0.107537,0.000000,0.156197,-1.444091,0.000000
3.710000,-0.992478,-0.122449,0.000000,0.189790,-1.538300,0.000000
3.720000,-0.990394,-0.138299,0.000000,0.227808,-1.631397,0.000000
3.730000,-0.987906,-0.155073,0.000000,0.270486,-1.723165,0.000000
3.740000,-0.984968,-0.172757,0.000000,0.318050,-1.813357,0.000000
3.750000,-0.981528,-0.191334,0.000000,0.370707,-1.901704,0.000000
3.760000,-0.977536,-0.210784,0.000000,0.428646,-1.987906,0.000000
3.770000,-0.972937,-0.231084,0.000000,0.492037,-2.071640,0.000000
3.780000,-0.967676,-0.252207,0.000000,0.561023,-2.152554,0.000000
3.790000,-0.961697,-0.274124,0.000000,0.635720,-2.230270,0.000000
3.800000,-0.954943,-0.296801,0.000000,0.716213,-2.304386,0.000000
3.810000,-0.947354,-0.320199,0.000000,0.802554,-2.374475,0.000000
3.820000,-0.938872,-0.344275,0.000000,0.894755,-2.440086,0.000000
3.830000,-0.929439,-0.368984,0.000000,0.992788,-2.500752,0.000000
3.840000,-0.918997,-0.394272,0.000000,1.096579,-2.555985,0.000000
3.850000,-0.907489,-0.420084,0.000000,1.206006,-2.605286,0.000000
3.860000,-0.894859,-0.446357,0.000000,1.320896,-2.648145,0.000000
3.870000,-0.881053,-0.473024,0.000000,1.441020,-2.684046,0.000000
3.880000,-0.866022,-0.500013,0.000000,1.566093,-2.712475,0.000000
3.890000,-0.849716,-0.527246,0.000000,1.695769,-2.732922,0.000000
3.900000,-0.832092,-0.554643,0.000000,1.829643,-2.744890,0.000000
3.910000,-0.813111,-0.582114,0.000000,1.967247,-2.747898,0.000000
3.920000,-0.792737,-0.609569,0.000000,2.108051,-2.741495,0.000000
3.930000,-0.770941,-0.636911,0.000000,2.251464,-2.725258,0.000000
3.940000,-0.747701,-0.664040,0.000000,2.396836,-2.698809,0.000000
3.950000,-0.723000,-0.690852,0.000000,2.543458,-2.661816,0.000000
3.960000,-0.696830,-0.717241,0.000000,2.690568,-2.614005,0.000000
3.970000,-0.669190,-0.743096,0.000000,2.837357,-2.555165,0.000000
3.980000,-0.640087,-0.768307,0.000000,2.982969,-2.485155,0.000000
3.990000,-0.609538,-0.792761,0.000000,3.126515,-2.403913,0.000000
4.000000,-0.577567,-0.816348,0.000000,3.267078,-2.311462,0.000000
4.010000,-0.544209,-0.838954,0.000000,3.403720,-2.207913,0.000000
4.020000,-0.509509,-0.860470,0.000000,3.535494,-2.093468,0.000000
4.030000,-0.473519,-0.880788,0.000000,3.661455,-1.968429,0.000000
4.040000,-0.436302,-0.899804,0.000000,3.780671,-1.833194,0.000000
4.050000,-0.397931,-0.917419,0.000000,3.892231,-1.688257,0.000000
4.060000,-0.358486,-0.933539,0.000000,3.995265,-1.534212,0.000000
4.070000,-0.318057,-0.948075,0.000000,4.088945,-1.371744,0.000000
4.080000,-0.276741,-0.960948,0.000000,4.172506,-1.201629,0.000000
4.090000,-0.234642,-0.972085,0.000000,4.245252,-1.024723,0.000000
4.100000,-0.191874,-0.981423,0.000000,4.306569,-0.841959,0.000000
4.110000,-0.148551,-0.988908,0.000000,4.355931,-0.654337,0.000000
4.120000,-0.104796,-0.994497,0.000000,4.392910,-0.462910,0.000000
4.130000,-0.060735,-0.998158,0.000000,4.417184,-0.268775,0.000000
4.140000,-0.016496,-0.999868,0.000000,4.428540,-0.073063,0.000000
4.150000,0.027792,-0.999617,0.000000,4.426878,0.123078,0.000000
4.160000,0.071999,-0.997408,0.000000,4.412212,0.318496,0.000000
4.170000,0.115994,-0.993254,0.000000,4.384672,0.512046,0.000000
4.180000,0.159650,-0.987177,0.000000,4.344498,0.702606,0.000000
4.190000,0.202843,-0.979215,0.000000,4.292042,0.889087,0.000000
4.200000,0.245451,-0.969413,0.000000,4.227756,1.070448,0.000000
4.210000,0.287360,-0.957827,0.000000,4.152188,1.245707,0.000000
4.220000,0.328459,-0.944522,0.000000,4.065976,1.413950,0.000000
4.230000,0.368646,-0.929574,0.000000,3.969835,1.574338,0.000000
4.240000,0.407826,-0.913064,0.000000,3.864546,1.726121,0.000000
4.250000,0.445910,-0.895082,0.000000,3.750948,1.868635,0.000000
4.260000,0.482820,-0.875724,0.000000,3.629924,2.001312,0.000000
4.270000,0.518486,-0.855090,0.000000,3.502390,2.123682,0.000000
4.280000,0.552849,-0.833286,0.000000,3.369284,2.235371,0.000000
4.290000,0.585857,-0.810419,0.000000,3.231552,2.336105,0.000000
4.300000,0.617468,-0.786601,0.000000,3.090140,2.425703,0.000000
4.310000,0.647650,-0.761943,0.000000,2.945981,2.504077,0.000000
4.320000,0.676381,-0.736557,0.000000,2.799985,2.571228,0.000000
4.330000,0.703647,-0.710555,0.000000,2.653036,2.627238,0.000000
4.340000,0.729442,-0.684049,0.000000,2.505975,2.672267,0.000000
4.350000,0.753769,-0.657146,0.000000,2.359602,2.706541,0.000000
4.360000,0.776639,-0.629953,0.000000,2.214665,2.730351,0.000000
4.370000,0.798069,-0.602573,0.000000,2.071858,2.744041,0.000000
4.380000,0.818085,-0.575104,0.000000,1.931817,2.748002,0.000000
4.390000,0.836717,-0.547644,0.000000,1.795117,2.742663,0.000000
4.400000,0.854000,-0.520281,0.000000,1.662272,2.728486,0.000000
4.410000,0.869976,-0.493102,0.000000,1.533735,2.705955,0.000000
4.420000,0.884691,-0.466188,0.000000,1.409895,2.675571,0.000000
4.430000,0.898191,-0.439615,0.000000,1.291081,2.637845,0.000000
4.440000,0.910530,-0.413454,0.000000,1.177566,2.593294,0.000000
4.450000,0.921761,-0.387770,0.000000,1.069562,2.542432,0.000000
4.460000,0.931940,-0.362624,0.000000,0.967231,2.485765,0.000000
4.470000,0.941125,-0.338072,0.000000,0.870681,2.423792,0.000000
4.480000,0.949373,-0.314165,0.000000,0.779974,2.356995,0.000000
4.490000,0.956744,-0.290947,0.000000,0.695128,2.285837,0.000000
4.500000,0.963295,-0.268461,0.000000,0.616120,2.210763,0.000000
4.510000,0.969085,-0.246743,0.000000,0.542890,2.132193,0.000000
4.520000,0.974172,-0.225827,0.000000,0.475344,2.050525,0.000000
4.530000,0.978611,-0.205742,0.000000,0.413359,1.966129,0.000000
4.540000,0.982457,-0.186513,0.000000,0.356784,1.879350,0.000000
4.550000,0.985764,-0.168162,0.000000,0.305445,1.790506,0.000000
4.560000,0.988583,-0.150708,0.000000,0.259148,1.699887,0.000000
4.570000,0.990963,-0.134169,0.000000,0.217681,1.607758,0.000000
4.580000,0.992952,-0.118558,0.000000,0.180815,1.514357,0.000000
4.590000,0.994594,-0.103885,0.000000,0.148311,1.419898,0.000000
4.600000,0.995932,-0.090163,0.000000,0.119916,1.324568,0.000000
4.610000,0.997005,-0.077396,0.000000,0.095372,1.228534,0.000000
4.620000,0.997851,-0.065594,0.000000,0.074410,1.131938,0.000000
4.630000,0.998504,-0.054759,0.000000,0.056757,1.034903,0.000000
4.640000,0.998996,-0.044897,0.000000,0.042137,0.937534,0.000000
4.650000,0.999356,-0.036009,0.000000,0.030266,0.839916,0.000000
4.660000,0.999610,-0.028099,0.000000,0.020863,0.742118,0.000000
4.670000,0.999781,-0.021167,0.000000,0.013641,0.644197,0.000000
4.680000,0.999889,-0.015215,0.000000,0.008313,0.546194,0.000000
4.690000,0.999952,-0.010244,0.000000,0.004593,0.448142,0.000000
4.700000,0.999985,-0.006253,0.000000,0.002191,0.350062,0.000000
4.710000,0.999999,-0.003242,0.000000,0.000819,0.251968,0.000000
4.720000,1.000004,-0.001213,0.000000,0.000189,0.153870,0.000000
4.730000,1.000005,-0.000165,0.000000,0.000011,0.055770,0.000000
4.740000,1.000005,-0.000098,0.000000,-0.000002,-0.042330,0.000000
4.750000,1.000004,-0.001012,0.000000,-0.000140,-0.140430,0.000000
4.760000,1.000001,-0.002906,0.000000,-0.000691,-0.238529,0.000000
4.770000,0.999988,-0.005782,0.000000,-0.001944,-0.336623,0.000000
4.780000,0.999958,-0.009639,0.000000,-0.004188,-0.434706,0.000000
4.790000,0.999900,-0.014476,0.000000,-0.007711,-0.532763,0.000000
4.800000,0.999799,-0.020294,0.000000,-0.012801,-0.630774,0.000000
4.810000,0.999638,-0.027092,0.000000,-0.019747,-0.728709,0.000000
4.820000,0.999397,-0.034868,0.000000,-0.028835,-0.826527,0.000000
4.830000,0.999053,-0.043621,0.000000,-0.040350,-0.924173,0.000000
4.840000,0.998581,-0.053350,0.000000,-0.054577,-1.021582,0.000000
4.850000,0.997952,-0.064052,0.000000,-0.071798,-1.118668,0.000000
4.860000,0.997134,-0.075722,0.000000,-0.092290,-1.215330,0.000000
4.870000,0.996094,-0.088357,0.000000,-0.116328,-1.311450,0.000000
4.880000,0.994795,-0.101949,0.000000,-0.144179,-1.406885,0.000000
4.890000,0.993197,-0.116492,0.000000,-0.176105,-1.501474,0.000000
4.900000,0.991258,-0.131975,0.000000,-0.212359,-1.595032,0.000000
4.910000,0.988934,-0.148388,0.000000,-0.253182,-1.687349,0.000000
4.920000,0.986179,-0.165717,0.000000,-0.298805,-1.778190,0.000000
4.930000,0.982942,-0.183946,0.000000,-0.349441,-1.867294,0.000000
4.940000,0.979172,-0.203056,0.000000,-0.405287,-1.954374,0.000000
4.950000,0.974818,-0.223026,0.000000,-0.466522,-2.039116,0.000000
4.960000,0.969823,-0.243830,0.000000,-0.533298,-2.121180,0.000000
4.970000,0.964133,-0.265439,0.000000,-0.605743,-2.200197,0.000000
4.980000,0.957689,-0.287822,0.000000,-0.683955,-2.275774,0.000000
4.990000,0.950434,-0.310942,0.000000,-0.767999,-2.347494,0.000000
5.000000,0.942310,-0.334758,0.000000,-0.857903,-2.414916,0.000000
5.010000,0.933257,-0.359224,0.000000,-0.953655,-2.477578,0.000000
5.020000,0.923217,-0.384292,0.000000,-1.055199,-2.535001,0.000000
5.030000,0.912134,-0.409905,0.000000,-1.162434,-2.586688,0.000000
5.040000,0.899950,-0.436005,0.000000,-1.275206,-2.632135,0.000000
5.050000,0.886612,-0.462526,0.000000,-1.393307,-2.670826,0.000000
5.060000,0.872067,-0.489397,0.000000,-1.516477,-2.702246,0.000000
5.070000,0.856267,-0.516545,0.000000,-1.644392,-2.725884,0.000000
5.080000,0.839165,-0.543887,0.000000,-1.776672,-2.741235,0.000000
5.090000,0.820720,-0.571340,0.000000,-1.912872,-2.747812,0.000000
5.100000,0.800896,-0.598813,0.000000,-2.052488,-2.745152,0.000000
5.110000,0.779661,-0.626211,0.000000,-2.194953,-2.732819,0.000000
5.120000,0.756990,-0.653435,0.000000,-2.339637,-2.710417,0.000000
5.130000,0.732863,-0.680384,0.000000,-2.485856,-2.677596,0.000000
5.140000,0.707270,-0.706952,0.000000,-2.632869,-2.634056,0.000000
5.150000,0.680206,-0.733029,0.000000,-2.779882,-2.579562,0.000000
5.160000,0.651675,-0.758506,0.000000,-2.926060,-2.513945,0.000000
5.170000,0.621690,-0.783270,0.000000,-3.070524,-2.437110,0.000000
5.180000,0.590273,-0.807211,0.000000,-3.212367,-2.349048,0.000000
5.190000,0.557455,-0.830214,0.000000,-3.350659,-2.249832,0.000000
5.200000,0.523275,-0.852171,0.000000,-3.484455,-2.139630,0.000000
5.210000,0.487784,-0.872971,0.000000,-3.612807,-2.018705,0.000000
5.220000,0.451040,-0.892510,0.000000,-3.734778,-1.887415,0.000000
5.230000,0.413113,-0.910686,0.000000,-3.849447,-1.746218,0.000000
5.240000,0.374079,-0.927403,0.000000,-3.955925,-1.595669,0.000000
5.250000,0.334024,-0.942571,0.000000,-4.053368,-1.436417,0.000000
5.260000,0.293044,-0.956105,0.000000,-4.140984,-1.269204,0.000000
5.270000,0.251240,-0.967931,0.000000,-4.218050,-1.094855,0.000000
5.280000,0.208720,-0.977981,0.000000,-4.283917,-0.914273,0.000000
5.290000,0.165601,-0.986199,0.000000,-4.338024,-0.728434,0.000000
5.300000,0.122001,-0.992536,0.000000,-4.379904,-0.538371,0.000000
5.310000,0.078044,-0.996956,0.000000,-4.409192,-0.345166,0.000000
5.320000,0.033860,-0.999433,0.000000,-4.425633,-0.149937,0.000000
5.330000,-0.010425,-0.999952,0.000000,-4.429081,0.046173,0.000000
5.340000,-0.054679,-0.998510,0.000000,-4.419506,0.242011,0.000000
5.350000,-0.098772,-0.995116,0.000000,-4.396993,0.436428,0.000000
5.360000,-0.142576,-0.989790,0.000000,-4.361739,0.628292,0.000000
5.370000,-0.185965,-0.982563,0.000000,-4.314052,0.816499,0.000000
5.380000,-0.228817,-0.973476,0.000000,-4.254345,0.999988,0.000000
5.390000,-0.271014,-0.962582,0.000000,-4.183131,1.177753,0.000000
5.400000,-0.312443,-0.949943,0.000000,-4.101013,1.348851,0.000000
5.410000,-0.353000,-0.935630,0.000000,-4.008677,1.512414,0.000000
5.420000,-0.392585,-0.919722,0.000000,-3.906879,1.667656,0.000000
5.430000,-0.431109,-0.902307,0.000000,-3.796437,1.813878,0.000000
5.440000,-0.468488,-0.883477,0.000000,-3.678219,1.950474,0.000000
5.450000,-0.504650,-0.863331,0.000000,-3.553128,2.076936,0.000000
5.460000,-0.539531,-0.841973,0.000000,-3.422096,2.192852,0.000000
5.470000,-0.573075,-0.819510,0.000000,-3.286066,2.297909,0.000000
5.480000,-0.605239,-0.796052,0.000000,-3.145985,2.391890,0.000000
5.490000,-0.635985,-0.771710,0.000000,-3.002794,2.474671,0.000000
5.500000,-0.665287,-0.746596,0.000000,-2.857412,2.546218,0.000000
5.510000,-0.693129,-0.720823,0.000000,-2.710735,2.606584,0.000000
5.520000,-0.719500,-0.694501,0.000000,-2.563620,2.655896,0.000000
5.530000,-0.744402,-0.667741,0.000000,-2.416886,2.694356,0.000000
5.540000,-0.767842,-0.640650,0.000000,-2.271300,2.722233,0.000000
5.550000,-0.789835,-0.613331,0.000000,-2.127579,2.739848,0.000000
5.560000,-0.810402,-0.585886,0.000000,-1.986382,2.747576,0.000000
5.570000,-0.829573,-0.558411,0.000000,-1.848307,2.745831,0.000000
5.580000,-0.847380,-0.530999,0.000000,-1.713893,2.735065,0.000000
5.590000,-0.863864,-0.503738,0.000000,-1.583617,2.715751,0.000000
5.600000,-0.879068,-0.476711,0.000000,-1.457892,2.688387,0.000000
5.610000,-0.893038,-0.449995,0.000000,-1.337072,2.653480,0.000000
5.620000,-0.905827,-0.423665,0.000000,-1.221450,2.611545,0.000000
5.630000,-0.917486,-0.397786,0.000000,-1.111262,2.563097,0.000000
5.640000,-0.928071,-0.372423,0.000000,-1.006690,2.508647,0.000000
5.650000,-0.937638,-0.347632,0.000000,-0.907863,2.448698,0.000000
5.660000,-0.946247,-0.323465,0.000000,-0.814860,2.383736,0.000000
5.670000,-0.953955,-0.299972,0.000000,-0.727716,2.314235,0.000000
5.680000,-0.960821,-0.277194,0.000000,-0.646423,2.240646,0.000000
5.690000,-0.966903,-0.255171,0.000000,-0.570936,2.163399,0.000000
5.700000,-0.972259,-0.233937,0.000000,-0.501174,2.082900,0.000000
5.710000,-0.976945,-0.213523,0.000000,-0.437024,1.999532,0.000000
5.720000,-0.981018,-0.193955,0.000000,-0.378346,1.913649,0.000000
5.730000,-0.984530,-0.175257,0.000000,-0.324976,1.825578,0.000000
5.740000,-0.987534,-0.157450,0.000000,-0.276725,1.735623,0.000000
5.750000,-0.990081,-0.140550,0.000000,-0.233390,1.644056,0.000000
5.760000,-0.992218,-0.124573,0.000000,-0.194747,1.551128,0.000000
5.770000,-0.993991,-0.109531,0.000000,-0.160561,1.457060,0.000000
5.780000,-0.995443,-0.095435,0.000000,-0.130585,1.362051,0.000000
5.790000,-0.996615,-0.082293,0.000000,-0.104562,1.266275,0.000000
5.800000,-0.997546,-0.070112,0.000000,-0.082227,1.169883,0.000000
5.810000,-0.998271,-0.058897,0.000000,-0.063309,1.073008,0.000000
5.820000,-0.998823,-0.048653,0.000000,-0.047532,0.975759,0.000000
5.830000,-0.999231,-0.039383,0.000000,-0.034616,0.878229,0.000000
5.840000,-0.999524,-0.031089,0.000000,-0.024279,0.780494,0.000000
5.850000,-0.999725,-0.023773,0.000000,-0.016235,0.682616,0.000000
5.860000,-0.999855,-0.017437,0.000000,-0.010198,0.584640,0.000000
5.870000,-0.999934,-0.012081,0.000000,-0.005881,0.486604,0.000000
5.880000,-0.999978,-0.007705,0.000000,-0.002996,0.388533,0.000000
5.890000,-0.999998,-0.004310,0.000000,-0.001254,0.290444,0.000000
5.900000,-1.000006,-0.001896,0.000000,-0.000367,0.192347,0.000000
5.910000,-1.000007,-0.000463,0.000000,-0.000046,0.094247,0.000000
5.920000,-1.000008,-0.000011,0.000000,-0.000003,-0.003853,0.000000
5.930000,-1.000007,-0.000540,0.000000,0.000053,-0.101953,0.000000
5.940000,-1.000005,-0.002050,0.000000,0.000408,-0.200052,0.000000
5.950000,-0.999997,-0.004541,0.000000,0.001351,-0.298149,0.000000
5.960000,-0.999976,-0.008013,0.000000,0.003173,-0.396238,0.000000
5.970000,-0.999930,-0.012466,0.000000,0.006160,-0.494307,0.000000
5.980000,-0.999847,-0.017899,0.000000,0.010601,-0.592339,0.000000
5.990000,-0.999712,-0.024312,0.000000,0.016785,-0.690308,0.000000
6.000000,-0.999505,-0.031705,0.000000,0.024999,-0.788177,0.000000
6.010000,-0.999204,-0.040075,0.000000,0.035528,-0.885898,0.000000
6.020000,-0.998786,-0.049422,0.000000,0.048659,-0.983409,0.000000
6.030000,-0.998222,-0.059743,0.000000,0.064672,-1.080632,0.000000
6.040000,-0.997482,-0.071034,0.000000,0.083849,-1.177474,0.000000
6.050000,-0.996533,-0.083290,0.000000,0.106464,-1.273822,0.000000
6.060000,-0.995340,-0.096508,0.000000,0.132788,-1.369544,0.000000
6.070000,-0.993864,-0.110679,0.000000,0.163086,-1.464485,0.000000
6.080000,-0.992064,-0.125794,0.000000,0.197613,-1.558471,0.000000
6.090000,-0.989897,-0.141844,0.000000,0.236616,-1.651301,0.000000
6.100000,-0.987316,-0.158816,0.000000,0.280329,-1.742750,0.000000
6.110000,-0.984274,-0.176694,0.000000,0.328975,-1.832568,0.000000
6.120000,-0.980720,-0.195461,0.000000,0.382755,-1.920478,0.000000
6.130000,-0.976601,-0.215096,0.000000,0.441857,-2.006176,0.000000
6.140000,-0.971864,-0.235576,0.000000,0.506443,-2.089332,0.000000
6.150000,-0.966454,-0.256873,0.000000,0.576651,-2.169589,0.000000
6.160000,-0.960312,-0.278957,0.000000,0.652592,-2.246564,0.000000
6.170000,-0.953382,-0.301792,0.000000,0.734343,-2.319848,0.000000
6.180000,-0.945606,-0.325340,0.000000,0.821947,-2.389010,0.000000
6.190000,-0.936924,-0.349557,0.000000,0.915409,-2.453595,0.000000
6.200000,-0.927278,-0.374395,0.000000,1.014691,-2.513131,0.000000
6.210000,-0.916611,-0.399801,0.000000,1.119709,-2.567127,0.000000
6.220000,-0.904865,-0.425717,0.000000,1.230331,-2.615082,0.000000
6.230000,-0.891986,-0.452081,0.000000,1.346370,-2.656484,0.000000
6.240000,-0.877921,-0.478824,0.000000,1.467586,-2.690818,0.000000
6.250000,-0.862618,-0.505872,0.000000,1.593682,-2.717568,0.000000
6.260000,-0.846032,-0.533148,0.000000,1.724299,-2.736228,0.000000
6.270000,-0.828119,-0.560568,0.000000,1.859018,-2.746304,0.000000
6.280000,-0.808839,-0.588044,0.000000,1.997358,-2.747320,0.000000
6.290000,-0.788161,-0.615483,0.000000,2.138776,-2.738831,0.000000
6.300000,-0.766056,-0.642787,0.000000,2.282668,-2.720423,0.000000
6.310000,-0.742502,-0.669857,0.000000,2.428370,-2.691727,0.000000
6.320000,-0.717485,-0.696587,0.000000,2.575163,-2.652423,0.000000
6.330000,-0.690997,-0.722869,0.000000,2.722273,-2.602250,0.000000
6.340000,-0.663041,-0.748595,0.000000,2.868880,-2.541011,0.000000
6.350000,-0.633624,-0.773652,0.000000,3.014122,-2.468583,0.000000
6.360000,-0.602766,-0.797929,0.000000,3.157103,-2.384920,0.000000
6.370000,-0.570493,-0.821313,0.000000,3.296899,-2.290065,0.000000
6.380000,-0.536842,-0.843693,0.000000,3.432571,-2.184147,0.000000
6.390000,-0.501858,-0.864960,0.000000,3.563171,-2.067390,0.000000
6.400000,-0.465598,-0.885006,0.000000,3.687755,-1.940117,0.000000
6.410000,-0.428126,-0.903729,0.000000,3.805395,-1.802746,0.000000
6.420000,-0.389517,-0.921029,0.000000,3.915189,-1.655794,0.000000
6.430000,-0.349852,-0.936814,0.000000,4.016273,-1.499873,0.000000
6.440000,-0.309223,-0.950999,0.000000,4.107834,-1.335689,0.000000
6.450000,-0.267729,-0.963503,0.000000,4.189120,-1.164036,0.000000
6.460000,-0.225477,-0.974258,0.000000,4.259451,-0.985788,0.000000
6.470000,-0.182579,-0.983200,0.000000,4.318232,-0.801892,0.000000
6.480000,-0.139153,-0.990280,0.000000,4.364957,-0.613360,0.000000
6.490000,-0.095321,-0.995456,0.000000,4.399221,-0.421256,0.000000
6.500000,-0.051211,-0.998697,0.000000,4.420725,-0.226687,0.000000
6.510000,-0.006950,-0.999985,0.000000,4.429279,-0.030786,0.000000
6.520000,0.037331,-0.999312,0.000000,4.424809,0.165295,0.000000
6.530000,0.081503,-0.996682,0.000000,4.407354,0.360405,0.000000
6.540000,0.125436,-0.992111,0.000000,4.377067,0.553403,0.000000
6.550000,0.169002,-0.985625,0.000000,4.334213,0.743173,0.000000
6.560000,0.212079,-0.977262,0.000000,4.279166,0.928635,0.000000
6.570000,0.254547,-0.967070,0.000000,4.212400,1.108761,0.000000
6.580000,0.296290,-0.955108,0.000000,4.134482,1.282581,0.000000
6.590000,0.337201,-0.941442,0.000000,4.046068,1.449198,0.000000
6.600000,0.377179,-0.926150,0.000000,3.947888,1.607792,0.000000
6.610000,0.416129,-0.909316,0.000000,3.840737,1.757629,0.000000
6.620000,0.453967,-0.891029,0.000000,3.725463,1.898066,0.000000
6.630000,0.490614,-0.871388,0.000000,3.602959,2.028558,0.000000
6.640000,0.526005,-0.850493,0.000000,3.474146,2.148654,0.000000
6.650000,0.560079,-0.828450,0.000000,3.339964,2.258001,0.000000
6.660000,0.592789,-0.805369,0.000000,3.201361,2.356346,0.000000
6.670000,0.624095,-0.781361,0.000000,3.059280,2.443530,0.000000
6.680000,0.653966,-0.756536,0.000000,2.914649,2.519482,0.000000
6.690000,0.682382,-0.731008,0.000000,2.768376,2.584223,0.000000
6.700000,0.709331,-0.704889,0.000000,2.621334,2.637850,0.000000
6.710000,0.734809,-0.678288,0.000000,2.474357,2.680540,0.000000
6.720000,0.758821,-0.651314,0.000000,2.328233,2.712532,0.000000
6.730000,0.781379,-0.624072,0.000000,2.183699,2.734131,0.000000
6.740000,0.802503,-0.596665,0.000000,2.041437,2.745690,0.000000
6.750000,0.822218,-0.569190,0.000000,1.902070,2.747610,0.000000
6.760000,0.840556,-0.541743,0.000000,1.766161,2.740328,0.000000
6.770000,0.857554,-0.514413,0.000000,1.634209,2.724309,0.000000
6.780000,0.873255,-0.487284,0.000000,1.506653,2.700043,0.000000
6.790000,0.887703,-0.460438,0.000000,1.383871,2.668034,0.000000
6.800000,0.900949,-0.433948,0.000000,1.266179,2.628795,0.000000
6.810000,0.913045,-0.407884,0.000000,1.153835,2.582841,0.000000
6.820000,0.924044,-0.382312,0.000000,1.047043,2.530686,0.000000
6.830000,0.934004,-0.357289,0.000000,0.945949,2.472835,0.000000
6.840000,0.942983,-0.332872,0.000000,0.850655,2.409783,0.000000
6.850000,0.951037,-0.309110,0.000000,0.761211,2.342008,0.000000
6.860000,0.958226,-0.286046,0.000000,0.677626,2.269970,0.000000
6.870000,0.964609,-0.263723,0.000000,0.599870,2.194109,0.000000
6.880000,0.970243,-0.242175,0.000000,0.527873,2.114839,0.000000
6.890000,0.975185,-0.221436,0.000000,0.461537,2.032553,0.000000
6.900000,0.979492,-0.201533,0.000000,0.400731,1.947616,0.000000
6.910000,0.983218,-0.182491,0.000000,0.345299,1.860367,0.000000
6.920000,0.986415,-0.164333,0.000000,0.295063,1.771116,0.000000
6.930000,0.989136,-0.147075,0.000000,0.249825,1.680151,0.000000
6.940000,0.991428,-0.130734,0.000000,0.209369,1.587729,0.000000
6.950000,0.993338,-0.115324,0.000000,0.173463,1.494084,0.000000
6.960000,0.994911,-0.100856,0.000000,0.141865,1.399422,0.000000
6.970000,0.996189,-0.087339,0.000000,0.114322,1.303927,0.000000
6.980000,0.997211,-0.074780,0.000000,0.090572,1.207761,0.000000
6.990000,0.998012,-0.063185,0.000000,0.070346,1.111061,0.000000
7.000000,0.998628,-0.052560,0.000000,0.053369,1.013947,0.000000
7.010000,0.999090,-0.042907,0.000000,0.039364,0.916517,0.000000
7.020000,0.999425,-0.034230,0.000000,0.028049,0.818855,0.000000
7.030000,0.999659,-0.026531,0.000000,0.019139,0.721026,0.000000
7.040000,0.999814,-0.019810,0.000000,0.012349,0.623084,0.000000
7.050000,0.999912,-0.014069,0.000000,0.007391,0.525069,0.000000
7.060000,0.999967,-0.009309,0.000000,0.003978,0.427009,0.000000
7.070000,0.999995,-0.005529,0.000000,0.001822,0.328925,0.000000
7.080000,1.000007,-0.002731,0.000000,0.000633,0.230830,0.000000
7.090000,1.000010,-0.000913,0.000000,0.000124,0.132731,0.000000
7.100000,1.000011,-0.000076,0.000000,0.000006,0.034631,0.000000
7.110000,1.000011,-0.000220,0.000000,-0.000011,-0.063469,0.000000
7.120000,1.000010,-0.001345,0.000000,-0.000214,-0.161569,0.000000
7.130000,1.000005,-0.003451,0.000000,-0.000893,-0.259667,0.000000
7.140000,0.999990,-0.006539,0.000000,-0.002336,-0.357760,0.000000
7.150000,0.999955,-0.010607,0.000000,-0.004832,-0.455838,0.000000
7.160000,0.999888,-0.015655,0.000000,-0.008669,-0.553888,0.000000
7.170000,0.999776,-0.021684,0.000000,-0.014136,-0.651885,0.000000
7.180000,0.999599,-0.028693,0.000000,-0.021519,-0.749798,0.000000
7.190000,0.999338,-0.036680,0.000000,-0.031107,-0.847584,0.000000
7.200000,0.998969,-0.045644,0.000000,-0.043183,-0.945186,0.000000
7.210000,0.998465,-0.055583,0.000000,-0.058033,-1.042532,0.000000
7.220000,0.997798,-0.066493,0.000000,-0.075936,-1.139536,0.000000
7.230000,0.996935,-0.078372,0.000000,-0.097170,-1.236092,0.000000
7.240000,0.995843,-0.091213,0.000000,-0.122007,-1.332076,0.000000
7.250000,0.994482,-0.105011,0.000000,-0.150715,-1.427343,0.000000
7.260000,0.992815,-0.119757,0.000000,-0.183553,-1.521727,0.000000
7.270000,0.990797,-0.135442,0.000000,-0.220772,-1.615035,0.000000
7.280000,0.988384,-0.152054,0.000000,-0.262611,-1.707054,0.000000
7.290000,0.985528,-0.169578,0.000000,-0.309297,-1.797543,0.000000
7.300000,0.982181,-0.187998,0.000000,-0.361040,-1.886236,0.000000
7.310000,0.978290,-0.207296,0.000000,-0.418034,-1.972840,0.000000
7.320000,0.973802,-0.227447,0.000000,-0.480450,-2.057034,0.000000
7.330000,0.968662,-0.248427,0.000000,-0.548438,-2.138472,0.000000
7.340000,0.962814,-0.270206,0.000000,-0.622119,-2.216781,0.000000
7.350000,0.956201,-0.292751,0.000000,-0.701583,-2.291563,0.000000
7.360000,0.948763,-0.316024,0.000000,-0.786889,-2.362395,0.000000
7.370000,0.940443,-0.339984,0.000000,-0.878055,-2.428830,0.000000
7.380000,0.931183,-0.364585,0.000000,-0.975061,-2.490404,0.000000
7.390000,0.920923,-0.389775,0.000000,-1.077842,-2.546632,0.000000
7.400000,0.909607,-0.415498,0.000000,-1.186284,-2.597018,0.000000
7.410000,0.897179,-0.441694,0.000000,-1.300223,-2.641051,0.000000
7.420000,0.883585,-0.468296,0.000000,-1.419441,-2.678219,0.000000
7.430000,0.868774,-0.495233,0.000000,-1.543661,-2.708005,0.000000
7.440000,0.852696,-0.522430,0.000000,-1.672551,-2.729899,0.000000
7.450000,0.835308,-0.549803,0.000000,-1.805714,-2.743399,0.000000
7.460000,0.816569,-0.577268,0.000000,-1.942694,-2.748024,0.000000
7.470000,0.796443,-0.604733,0.000000,-2.082973,-2.743315,0.000000
7.480000,0.774901,-0.632102,0.000000,-2.225970,-2.728845,0.000000
7.490000,0.751917,-0.659276,0.000000,-2.371044,-2.704226,0.000000
7.500000,0.727475,-0.686152,0.000000,-2.517497,-2.669118,0.000000
7.510000,0.701565,-0.712622,0.000000,-2.664577,-2.623237,0.000000
7.520000,0.674184,-0.738580,0.000000,-2.811482,-2.566358,0.000000
7.530000,0.645339,-0.763912,0.000000,-2.957364,-2.498329,0.000000
7.540000,0.615043,-0.788509,0.000000,-3.101340,-2.419074,0.000000
7.550000,0.583321,-0.812256,0.000000,-3.242496,-2.328600,0.000000
7.560000,0.550206,-0.835044,0.000000,-3.379898,-2.227001,0.000000
7.570000,0.515739,-0.856760,0.000000,-3.512600,-2.114464,0.000000
7.580000,0.479973,-0.877297,0.000000,-3.639655,-1.991273,0.000000
7.590000,0.442968,-0.896551,0.000000,-3.760128,-1.857807,0.000000
7.600000,0.404795,-0.914421,0.000000,-3.873105,-1.714547,0.000000
7.610000,0.365534,-0.930811,0.000000,-3.977706,-1.562066,0.000000
7.620000,0.325272,-0.945634,0.000000,-4.073096,-1.401035,0.000000
7.630000,0.284105,-0.958806,0.000000,-4.158497,-1.232213,0.000000
7.640000,0.242137,-0.970255,0.000000,-4.233202,-1.056444,0.000000
7.650000,0.199479,-0.979915,0.000000,-4.296579,-0.874647,0.000000
7.660000,0.156245,-0.987731,0.000000,-4.348087,-0.687811,0.000000
7.670000,0.112558,-0.993658,0.000000,-4.387282,-0.496980,0.000000
7.680000,0.068542,-0.997661,0.000000,-4.413821,-0.303245,0.000000
7.690000,0.024325,-0.999717,0.000000,-4.427471,-0.107731,0.000000
7.700000,-0.019964,-0.999813,0.000000,-4.428113,0.088416,0.000000
7.710000,-0.064194,-0.997950,0.000000,-4.415740,0.284043,0.000000
7.720000,-0.108236,-0.994138,0.000000,-4.390462,0.478004,0.000000
7.730000,-0.151961,-0.988399,0.000000,-4.352501,0.669170,0.000000
7.740000,-0.195245,-0.980768,0.000000,-4.302187,0.856447,0.000000
7.750000,-0.237965,-0.971287,0.000000,-4.239956,1.038785,0.000000
7.760000,-0.280006,-0.960012,0.000000,-4.166340,1.215189,0.000000
7.770000,-0.321256,-0.947006,0.000000,-4.081962,1.384734,0.000000
7.780000,-0.361611,-0.932343,0.000000,-3.987523,1.546567,0.000000
7.790000,-0.400975,-0.916103,0.000000,-3.883793,1.699921,0.000000
7.800000,-0.439259,-0.898375,0.000000,-3.771603,1.844116,0.000000
7.810000,-0.476382,-0.879253,0.000000,-3.651828,1.978569,0.000000
7.820000,-0.512273,-0.858838,0.000000,-3.525380,2.102790,0.000000
7.830000,-0.546871,-0.837233,0.000000,-3.393193,2.216390,0.000000
7.840000,-0.580121,-0.814546,0.000000,-3.256212,2.319076,0.000000
7.850000,-0.611982,-0.790888,0.000000,-3.115384,2.410651,0.000000
7.860000,-0.642419,-0.766371,0.000000,-2.971645,2.491013,0.000000
7.870000,-0.671408,-0.741105,0.000000,-2.825912,2.560145,0.000000
7.880000,-0.698934,-0.715205,0.000000,-2.679070,2.618116,0.000000
7.890000,-0.724989,-0.688780,0.000000,-2.531971,2.665072,0.000000
7.900000,-0.749575,-0.661939,0.000000,-2.385423,2.701228,0.000000
7.910000,-0.772702,-0.634790,0.000000,-2.240181,2.726866,0.000000
7.920000,-0.794385,-0.607436,0.000000,-2.096951,2.742319,0.000000
7.930000,-0.814650,-0.579977,0.000000,-1.956378,2.747971,0.000000
7.940000,-0.833524,-0.552508,0.000000,-1.819049,2.744245,0.000000
7.950000,-0.851043,-0.525121,0.000000,-1.685489,2.731598,0.000000
7.960000,-0.867248,-0.497904,0.000000,-1.556161,2.710509,0.000000
7.970000,-0.882182,-0.470938,0.000000,-1.431465,2.681478,0.000000
7.980000,-0.895894,-0.444299,0.000000,-1.311742,2.645014,0.000000
7.990000,-0.908434,-0.418061,0.000000,-1.197273,2.601634,0.000000
8.000000,-0.919857,-0.392288,0.000000,-1.088282,2.551851,0.000000
8.010000,-0.930219,-0.367043,0.000000,-0.984938,2.496176,0.000000
8.020000,-0.939575,-0.342382,0.000000,-0.887360,2.435107,0.000000
8.030000,-0.947985,-0.318357,0.000000,-0.795617,2.369130,0.000000
8.040000,-0.955507,-0.295015,0.000000,-0.709735,2.298711,0.000000
8.050000,-0.962200,-0.272396,0.000000,-0.629698,2.224300,0.000000
8.060000,-0.968120,-0.250541,0.000000,-0.555451,2.146320,0.000000
8.070000,-0.973328,-0.229481,0.000000,-0.486908,2.065173,0.000000
8.080000,-0.977877,-0.209246,0.000000,-0.423949,1.981234,0.000000
8.090000,-0.981825,-0.189864,0.000000,-0.366428,1.894854,0.000000
8.100000,-0.985223,-0.171356,0.000000,-0.314176,1.806353,0.000000
8.110000,-0.988125,-0.153743,0.000000,-0.267002,1.716029,0.000000
8.120000,-0.990580,-0.137041,0.000000,-0.224695,1.624150,0.000000
8.130000,-0.992635,-0.121264,0.000000,-0.187032,1.530958,0.000000
8.140000,-0.994335,-0.106425,0.000000,-0.153773,1.436672,0.000000
8.150000,-0.995724,-0.092534,0.000000,-0.124670,1.341484,0.000000
8.160000,-0.996841,-0.079598,0.000000,-0.099462,1.245564,0.000000
8.170000,-0.997725,-0.067625,0.000000,-0.077885,1.149058,0.000000
8.180000,-0.998410,-0.056619,0.000000,-0.059666,1.052094,0.000000
8.190000,-0.998929,-0.046584,0.000000,-0.044529,0.954777,0.000000
8.200000,-0.999310,-0.037524,0.000000,-0.032191,0.857198,0.000000
8.210000,-0.999581,-0.029441,0.000000,-0.022371,0.759427,0.000000
8.220000,-0.999765,-0.022336,0.000000,-0.014783,0.661525,0.000000
8.230000,-0.999883,-0.016210,0.000000,-0.009140,0.563534,0.000000
8.240000,-0.999953,-0.011065,0.000000,-0.005155,0.465488,0.000000
8.250000,-0.999991,-0.006901,0.000000,-0.002539,0.367412,0.000000
8.260000,-1.000008,-0.003717,0.000000,-0.001005,0.269320,0.000000
8.270000,-1.000014,-0.001514,0.000000,-0.000263,0.171222,0.000000
8.280000,-1.000015,-0.000293,0.000000,-0.000025,0.073123,0.000000
8.290000,-1.000015,-0.000052,0.000000,-0.000002,-0.024977,0.000000
8.300000,-1.000014,-0.000792,0.000000,0.000094,-0.123077,0.000000
8.310000,-1.000012,-0.002513,0.000000,0.000552,-0.221177,0.000000
8.320000,-1.000001,-0.005216,0.000000,0.001662,-0.319272,0.000000
8.330000,-0.999975,-0.008899,0.000000,0.003711,-0.417358,0.000000
8.340000,-0.999923,-0.013563,0.000000,0.006988,-0.515420,0.000000
8.350000,-0.999830,-0.019207,0.000000,0.011781,-0.613442,0.000000
8.360000,-0.999681,-0.025831,0.000000,0.018379,-0.711392,0.000000
8.370000,-0.999456,-0.033435,0.000000,0.027068,-0.809234,0.000000
8.380000,-0.999132,-0.042016,0.000000,0.038134,-0.906915,0.000000
8.390000,-0.998684,-0.051572,0.000000,0.051862,-1.004371,0.000000
8.400000,-0.998085,-0.062102,0.000000,0.068534,-1.101521,0.000000
8.410000,-0.997303,-0.073601,0.000000,0.088429,-1.198266,0.000000
8.420000,-0.996305,-0.086066,0.000000,0.111821,-1.294491,0.000000
8.430000,-0.995054,-0.099489,0.000000,0.138979,-1.390058,0.000000
8.440000,-0.993512,-0.113864,0.000000,0.170167,-1.484809,0.000000
8.450000,-0.991636,-0.129182,0.000000,0.205638,-1.578563,0.000000
8.460000,-0.989384,-0.145431,0.000000,0.245637,-1.671115,0.000000
8.470000,-0.986708,-0.162599,0.000000,0.290395,-1.762235,0.000000
8.480000,-0.983559,-0.180670,0.000000,0.340129,-1.851666,0.000000
8.490000,-0.979888,-0.199626,0.000000,0.395041,-1.939125,0.000000
8.500000,-0.975641,-0.219445,0.000000,0.455311,-2.024304,0.000000
8.510000,-0.970763,-0.240103,0.000000,0.521098,-2.106867,0.000000
8.520000,-0.965200,-0.261573,0.000000,0.592532,-2.186450,0.000000
8.530000,-0.958893,-0.283821,0.000000,0.669718,-2.262664,0.000000
8.540000,-0.951786,-0.306813,0.000000,0.752727,-2.335097,0.000000
8.550000,-0.943819,-0.330509,0.000000,0.841594,-2.403311,0.000000
8.560000,-0.934935,-0.354864,0.000000,0.936314,-2.466849,0.000000
8.570000,-0.925074,-0.379829,0.000000,1.036840,-2.525233,0.000000
8.580000,-0.914179,-0.405350,0.000000,1.143077,-2.577971,0.000000
8.590000,-0.902194,-0.431368,0.000000,1.254882,-2.624558,0.000000
8.600000,-0.889063,-0.457819,0.000000,1.372057,-2.664481,0.000000
8.610000,-0.874735,-0.484633,0.000000,1.494351,-2.697224,0.000000
8.620000,-0.859160,-0.511738,0.000000,1.621452,-2.722275,0.000000
8.630000,-0.842292,-0.539052,0.000000,1.752988,-2.739127,0.000000
8.640000,-0.824087,-0.566491,0.000000,1.888529,-2.747291,0.000000
8.650000,-0.804509,-0.593967,0.000000,2.027579,-2.746297,0.000000
8.660000,-0.783526,-0.621385,0.000000,2.169581,-2.735705,0.000000
8.670000,-0.761110,-0.648648,0.000000,2.313920,-2.715111,0.000000
8.680000,-0.737242,-0.675653,0.000000,2.459918,-2.684157,0.000000
8.690000,-0.711908,-0.702295,0.000000,2.606844,-2.642533,0.000000
8.700000,-0.685104,-0.728467,0.000000,2.753916,-2.589991,0.000000
8.710000,-0.656832,-0.754058,0.000000,2.900301,-2.526351,0.000000
8.720000,-0.627104,-0.778957,0.000000,3.045132,-2.451506,0.000000
8.730000,-0.595938,-0.803051,0.000000,3.187504,-2.365428,0.000000
8.740000,-0.563365,-0.826228,0.000000,3.326491,-2.268177,0.000000
8.750000,-0.529423,-0.848378,0.000000,3.461149,-2.159904,0.000000
8.760000,-0.494159,-0.869390,0.000000,3.590532,-2.040854,0.000000
8.770000,-0.457633,-0.889160,0.000000,3.713698,-1.911370,0.000000
8.780000,-0.419909,-0.907584,0.000000,3.829723,-1.771890,0.000000
8.790000,-0.381065,-0.924566,0.000000,3.937712,-1.622954,0.000000
8.800000,-0.341185,-0.940014,0.000000,4.036811,-1.465193,0.000000
8.810000,-0.300361,-0.953843,0.000000,4.126220,-1.299333,0.000000
8.820000,-0.258695,-0.965976,0.000000,4.205202,-1.126186,0.000000
8.830000,-0.216294,-0.976345,0.000000,4.273093,-0.946641,0.000000
8.840000,-0.173272,-0.984891,0.000000,4.329317,-0.761662,0.000000
8.850000,-0.129748,-0.991564,0.000000,4.373390,-0.572271,0.000000
8.860000,-0.085846,-0.996325,0.000000,4.404929,-0.379544,0.000000
8.870000,-0.041692,-0.999147,0.000000,4.423657,-0.184594,0.000000
8.880000,0.002584,-1.000014,0.000000,4.429411,0.011441,0.000000
8.890000,0.046852,-0.998919,0.000000,4.422139,0.207408,0.000000
8.900000,0.090983,-0.995869,0.000000,4.401905,0.402157,0.000000
8.910000,0.134848,-0.990883,0.000000,4.368888,0.594552,0.000000
8.920000,0.178319,-0.983990,0.000000,4.323376,0.783482,0.000000
8.930000,0.221275,-0.975229,0.000000,4.265764,0.967878,0.000000
8.940000,0.263596,-0.964651,0.000000,4.196547,1.146725,0.000000
8.950000,0.305169,-0.952316,0.000000,4.116314,1.319067,0.000000
8.960000,0.345888,-0.938294,0.000000,4.025735,1.484021,0.000000
8.970000,0.385652,-0.922663,0.000000,3.925556,1.640788,0.000000
8.980000,0.424370,-0.905508,0.000000,3.816585,1.788652,0.000000
8.990000,0.461957,-0.886922,0.000000,3.699680,1.926991,0.000000
9.000000,0.498340,-0.867002,0.000000,3.575741,2.055278,0.000000
9.010000,0.533452,-0.845851,0.000000,3.445695,2.173086,0.000000
9.020000,0.567236,-0.823576,0.000000,3.310483,2.280084,0.000000
9.030000,0.599647,-0.800286,0.000000,3.171054,2.376037,0.000000
9.040000,0.630647,-0.776093,0.000000,3.028348,2.460805,0.000000
9.050000,0.660206,-0.751108,0.000000,2.883290,2.534340,0.000000
9.060000,0.688308,-0.725443,0.000000,2.736780,2.596678,0.000000
9.070000,0.714940,-0.699211,0.000000,2.589685,2.647935,0.000000
9.080000,0.740102,-0.672521,0.000000,2.442828,2.688300,0.000000
9.090000,0.763800,-0.645480,0.000000,2.296987,2.718029,0.000000
9.100000,0.786048,-0.618195,0.000000,2.152888,2.737436,0.000000
9.110000,0.806866,-0.590765,0.000000,2.011200,2.746886,0.000000
9.120000,0.826282,-0.563289,0.000000,1.872532,2.746789,0.000000
9.130000,0.844328,-0.535859,0.000000,1.737435,2.737587,0.000000
9.140000,0.861044,-0.508566,0.000000,1.606396,2.719752,0.000000
9.150000,0.876471,-0.481492,0.000000,1.479838,2.693778,0.000000
9.160000,0.890657,-0.454716,0.000000,1.358127,2.660170,0.000000
9.170000,0.903651,-0.428312,0.000000,1.241567,2.619444,0.000000
9.180000,0.915506,-0.402349,0.000000,1.130403,2.572113,0.000000
9.190000,0.926278,-0.376890,0.000000,1.024826,2.518691,0.000000
9.200000,0.936022,-0.351994,0.000000,0.924974,2.459681,0.000000
9.210000,0.944796,-0.327713,0.000000,0.830936,2.395573,0.000000
9.220000,0.952660,-0.304098,0.000000,0.742754,2.326844,0.000000
9.230000,0.959671,-0.281190,0.000000,0.660427,2.253948,0.000000
9.240000,0.965888,-0.259031,0.000000,0.583916,2.177319,0.000000
9.250000,0.971369,-0.237655,0.000000,0.513147,2.097370,0.000000
9.260000,0.976170,-0.217093,0.000000,0.448012,2.014484,0.000000
9.270000,0.980347,-0.197374,0.000000,0.388375,1.929022,0.000000
9.280000,0.983955,-0.178520,0.000000,0.334077,1.841318,0.000000
9.290000,0.987046,-0.160554,0.000000,0.284934,1.751676,0.000000
9.300000,0.989670,-0.143492,0.000000,0.240742,1.660377,0.000000
9.310000,0.991876,-0.127351,0.000000,0.201284,1.567673,0.000000
9.320000,0.993711,-0.112143,0.000000,0.166326,1.473793,0.000000
9.330000,0.995217,-0.097879,0.000000,0.135621,1.378937,0.000000
9.340000,0.996437,-0.084567,0.000000,0.108916,1.283286,0.000000
9.350000,0.997408,-0.072215,0.000000,0.085946,1.186994,0.000000
9.360000,0.998167,-0.060829,0.000000,0.066441,1.090196,0.000000
9.370000,0.998747,-0.050412,0.000000,0.050127,0.993006,0.000000
9.380000,0.999179,-0.040969,0.000000,0.036723,0.895520,0.000000
9.390000,0.999491,-0.032503,0.000000,0.025948,0.797817,0.000000
9.400000,0.999706,-0.025014,0.000000,0.017518,0.699961,0.000000
9.410000,0.999848,-0.018504,0.000000,0.011145,0.602000,0.000000
9.420000,0.999935,-0.012974,0.000000,0.006543,0.503973,0.000000
9.430000,0.999984,-0.008424,0.000000,0.003424,0.405906,0.000000
9.440000,1.000007,-0.004856,0.000000,0.001499,0.307819,0.000000
9.450000,1.000017,-0.002268,0.000000,0.000480,0.209723,0.000000
9.460000,1.000019,-0.000661,0.000000,0.000078,0.111623,0.000000
9.470000,1.000019,-0.000036,0.000000,0.000005,0.013523,0.000000
9.480000,1.000019,-0.000391,0.000000,-0.000029,-0.084576,0.000000
9.490000,1.000018,-0.001727,0.000000,-0.000311,-0.182676,0.000000
9.500000,1.000011,-0.004044,0.000000,-0.001131,-0.280774,0.000000
9.510000,0.999992,-0.007343,0.000000,-0.002778,-0.378864,0.000000
9.520000,0.999952,-0.011622,0.000000,-0.005539,-0.476938,0.000000
9.530000,0.999877,-0.016881,0.000000,-0.009703,-0.574978,0.000000
9.540000,0.999752,-0.023121,0.000000,-0.015559,-0.672961,0.000000
9.550000,0.999559,-0.030340,0.000000,-0.023394,-0.770850,0.000000
9.560000,0.999277,-0.038538,0.000000,-0.033494,-0.868602,0.000000
9.570000,0.998881,-0.047712,0.000000,-0.046144,-0.966154,0.000000
9.580000,0.998344,-0.057860,0.000000,-0.061628,-1.063435,0.000000
9.590000,0.997638,-0.068979,0.000000,-0.080225,-1.160351,0.000000
9.600000,0.996729,-0.081065,0.000000,-0.102213,-1.256795,0.000000
9.610000,0.995581,-0.094113,0.000000,-0.127862,-1.352638,0.000000
9.620000,0.994158,-0.108115,0.000000,-0.157438,-1.447730,0.000000
9.630000,0.992419,-0.123064,0.000000,-0.191198,-1.541898,0.000000
9.640000,0.990320,-0.138950,0.000000,-0.229392,-1.634948,0.000000
9.650000,0.987815,-0.155759,0.000000,-0.272256,-1.726658,0.000000
9.660000,0.984858,-0.173478,0.000000,-0.320013,-1.816784,0.000000
9.670000,0.981398,-0.192088,0.000000,-0.372871,-1.905052,0.000000
9.680000,0.977383,-0.211571,0.000000,-0.431018,-1.991164,0.000000
9.690000,0.972760,-0.231903,0.000000,-0.494622,-2.074795,0.000000
9.700000,0.967472,-0.253058,0.000000,-0.563826,-2.155592,0.000000
9.710000,0.961464,-0.275005,0.000000,-0.638744,-2.233176,0.000000
9.720000,0.954678,-0.297709,0.000000,-0.719462,-2.307143,0.000000
9.730000,0.947055,-0.321134,0.000000,-0.806028,-2.377066,0.000000
9.740000,0.938538,-0.345236,0.000000,-0.898454,-2.442495,0.000000
9.750000,0.929067,-0.369967,0.000000,-0.996709,-2.502959,0.000000
9.760000,0.918584,-0.395277,0.000000,-1.100719,-2.557972,0.000000
9.770000,0.907034,-0.421107,0.000000,-1.210359,-2.607033,0.000000
9.780000,0.894359,-0.447396,0.000000,-1.325453,-2.649633,0.000000
9.790000,0.880507,-0.474076,0.000000,-1.445771,-2.685255,0.000000
9.800000,0.865427,-0.501076,0.000000,-1.571026,-2.713385,0.000000
9.810000,0.849071,-0.528317,0.000000,-1.700869,-2.733514,0.000000
9.820000,0.831396,-0.555718,0.000000,-1.834893,-2.745145,0.000000
9.830000,0.812361,-0.583190,0.000000,-1.972628,-2.747799,0.000000
9.840000,0.791933,-0.610642,0.000000,-2.113541,-2.741024,0.000000
9.850000,0.770082,-0.637978,0.000000,-2.257039,-2.724402,0.000000
9.860000,0.746785,-0.665096,0.000000,-2.402470,-2.697553,0.000000
9.870000,0.722028,-0.691894,0.000000,-2.549122,-2.660150,0.000000
9.880000,0.695801,-0.718263,0.000000,-2.696232,-2.611919,0.000000
9.890000,0.668105,-0.744095,0.000000,-2.842987,-2.552652,0.000000
9.900000,0.638946,-0.769279,0.000000,-2.988533,-2.482213,0.000000
9.910000,0.608341,-0.793702,0.000000,-3.131979,-2.400541,0.000000
9.920000,0.576316,-0.817253,0.000000,-3.272405,-2.307664,0.000000
9.930000,0.542906,-0.839819,0.000000,-3.408874,-2.203693,0.000000
9.940000,0.508155,-0.861290,0.000000,-3.540440,-2.088839,0.000000
9.950000,0.472117,-0.881560,0.000000,-3.666156,-1.963403,0.000000
9.960000,0.434855,-0.900524,0.000000,-3.785092,-1.827789,0.000000
9.970000,0.396441,-0.918084,0.000000,-3.896338,-1.682495,0.000000
9.980000,0.356956,-0.934144,0.000000,-3.999025,-1.528117,0.000000
9.990000,0.316491,-0.948618,0.000000,-4.092328,-1.365345,0.000000
10.000000,0.275144,-0.961425,0.000000,-4.175485,-1.194957,0.000000
